object={
	name="env_desert_ambient_close"
	clamp_to_water_level=yes
	render_under_water=no
	generated_content=no
	layer="env_effect_layer"
	entity="env_desert_plains_ambient"
	count=14
	transform="6093.851074 0.000000 3057.608398 0.000000 0.000000 0.000000 1.000000 1.000000 1.000000 1.000000
6352.746094 0.000000 3106.272217 0.000000 0.000000 0.000000 1.000000 1.000000 1.000000 1.000000
5524.791504 0.000000 3575.268311 0.000000 0.000000 0.000000 1.000000 1.000000 1.000000 1.000000
5214.938965 0.000000 3309.038086 0.000000 0.000000 0.000000 1.000000 1.000000 1.000000 1.000000
3840.504883 0.000000 2638.506104 0.000000 0.000000 0.000000 1.000000 1.000000 1.000000 1.000000
4546.956543 0.000000 1916.901001 0.000000 0.000000 0.000000 1.000000 1.000000 1.000000 1.000000
2691.608398 0.000000 2265.411621 0.000000 0.000000 0.000000 1.000000 1.000000 1.000000 1.000000
3109.096436 0.000000 1902.024414 0.000000 0.000000 0.000000 1.000000 1.000000 1.000000 1.000000
2068.758789 0.000000 1924.535156 0.000000 0.000000 0.000000 1.000000 1.000000 1.000000 1.000000
2219.032959 0.000000 2396.252441 0.000000 0.000000 0.000000 1.000000 1.000000 1.000000 1.000000
1810.016602 0.000000 2409.713379 0.000000 0.000000 0.000000 1.000000 1.000000 1.000000 1.000000
1428.706665 0.000000 2493.208496 0.000000 0.000000 0.000000 1.000000 1.000000 1.000000 1.000000
1376.272705 0.000000 2038.246704 0.000000 0.000000 0.000000 1.000000 1.000000 1.000000 1.000000
980.097595 0.000000 2020.625122 0.000000 0.000000 0.000000 1.000000 1.000000 1.000000 1.000000
"}
object={
	name="env_desert_mountains"
	clamp_to_water_level=yes
	render_under_water=no
	generated_content=no
	layer="env_effect_mountains_layer"
	entity="env_desert_mountains"
	count=50
	transform="6344.740234 0.000000 2780.135498 0.000000 0.000000 0.000000 1.000000 1.000000 1.000000 1.000000
6477.362793 0.000000 2773.234619 0.000000 0.000000 0.000000 1.000000 1.000000 1.000000 1.000000
6745.644531 0.000000 2897.176025 0.000000 0.000000 0.000000 1.000000 1.000000 1.000000 1.000000
6764.177734 0.000000 2945.514160 0.000000 0.000000 0.000000 1.000000 1.000000 1.000000 1.000000
6868.105469 0.000000 2967.915283 0.000000 0.000000 0.000000 1.000000 1.000000 1.000000 1.000000
6950.440430 0.000000 2852.556396 0.000000 0.000000 0.000000 1.000000 1.000000 1.000000 1.000000
6893.266602 0.000000 2776.638916 0.000000 0.000000 0.000000 1.000000 1.000000 1.000000 1.000000
6615.835938 0.000000 2745.645996 0.000000 0.000000 0.000000 1.000000 1.000000 1.000000 1.000000
6421.901855 0.000000 2687.541992 0.000000 0.000000 0.000000 1.000000 1.000000 1.000000 1.000000
6437.681152 0.000000 2588.739014 0.000000 0.000000 0.000000 1.000000 1.000000 1.000000 1.000000
6751.034668 0.000000 2673.941406 0.000000 0.000000 0.000000 1.000000 1.000000 1.000000 1.000000
6981.669922 0.000000 2687.485352 0.000000 0.000000 0.000000 1.000000 1.000000 1.000000 1.000000
7078.042969 0.000000 2690.856689 0.000000 0.000000 0.000000 1.000000 1.000000 1.000000 1.000000
6402.960938 0.000000 2725.095215 0.000000 0.000000 0.000000 1.000000 1.000000 1.000000 1.000000
6768.922852 0.000000 2848.737793 0.000000 0.000000 0.000000 1.000000 1.000000 1.000000 1.000000
4158.827148 0.000000 2849.881592 0.000000 0.000000 0.000000 1.000000 1.000000 1.000000 1.000000
4390.345703 0.000000 2628.685059 0.000000 0.000000 0.000000 1.000000 1.000000 1.000000 1.000000
4596.686523 0.000000 2464.675781 0.000000 0.000000 0.000000 1.000000 1.000000 1.000000 1.000000
4703.562012 0.000000 2392.580322 0.000000 0.000000 0.000000 1.000000 1.000000 1.000000 1.000000
4890.237305 0.000000 2429.365234 0.000000 0.000000 0.000000 1.000000 1.000000 1.000000 1.000000
4875.605957 0.000000 2617.968506 0.000000 0.000000 0.000000 1.000000 1.000000 1.000000 1.000000
4860.992676 0.000000 2752.571289 0.000000 0.000000 0.000000 1.000000 1.000000 1.000000 1.000000
5091.671875 0.000000 2673.113037 0.000000 0.000000 0.000000 1.000000 1.000000 1.000000 1.000000
5160.154297 0.000000 2662.821289 0.000000 0.000000 0.000000 1.000000 1.000000 1.000000 1.000000
5291.752930 0.000000 2721.398682 0.000000 0.000000 0.000000 1.000000 1.000000 1.000000 1.000000
5078.900879 0.000000 2790.822266 0.000000 0.000000 0.000000 1.000000 1.000000 1.000000 1.000000
4786.322266 0.000000 2891.373779 0.000000 0.000000 0.000000 1.000000 1.000000 1.000000 1.000000
4649.218750 0.000000 2951.699707 0.000000 0.000000 0.000000 1.000000 1.000000 1.000000 1.000000
5318.699707 0.000000 2697.281250 0.000000 0.000000 0.000000 1.000000 1.000000 1.000000 1.000000
5435.056152 0.000000 2559.915039 0.000000 0.000000 0.000000 1.000000 1.000000 1.000000 1.000000
5379.081543 0.000000 2495.075439 0.000000 0.000000 0.000000 1.000000 1.000000 1.000000 1.000000
5557.149902 0.000000 2501.113281 0.000000 0.000000 0.000000 1.000000 1.000000 1.000000 1.000000
3657.171387 0.000000 2337.828613 0.000000 0.000000 0.000000 1.000000 1.000000 1.000000 1.000000
3686.426025 0.000000 2287.448975 0.000000 0.000000 0.000000 1.000000 1.000000 1.000000 1.000000
4022.500488 0.000000 1970.207764 0.000000 0.000000 0.000000 1.000000 1.000000 1.000000 1.000000
4079.936035 0.000000 1871.932495 0.000000 0.000000 0.000000 1.000000 1.000000 1.000000 1.000000
4079.394287 0.000000 1634.131226 0.000000 0.000000 0.000000 1.000000 1.000000 1.000000 1.000000
4347.775879 0.000000 1675.928955 0.000000 0.000000 0.000000 1.000000 1.000000 1.000000 1.000000
4484.219727 0.000000 1710.828369 0.000000 0.000000 0.000000 1.000000 1.000000 1.000000 1.000000
2117.276855 0.000000 2176.928711 0.000000 0.000000 0.000000 1.000000 1.000000 1.000000 1.000000
2029.559570 0.000000 2137.038086 0.000000 0.000000 0.000000 1.000000 1.000000 1.000000 1.000000
1783.996338 0.000000 2201.941650 0.000000 0.000000 0.000000 1.000000 1.000000 1.000000 1.000000
1817.998535 0.000000 2090.613770 0.000000 0.000000 0.000000 1.000000 1.000000 1.000000 1.000000
2556.353516 0.000000 1948.695801 0.000000 0.000000 0.000000 1.000000 1.000000 1.000000 1.000000
2519.431396 0.000000 1906.455078 0.000000 0.000000 0.000000 1.000000 1.000000 1.000000 1.000000
2038.401611 0.000000 1857.891968 0.000000 0.000000 0.000000 1.000000 1.000000 1.000000 1.000000
1874.396729 0.000000 1770.306274 0.000000 0.000000 0.000000 1.000000 1.000000 1.000000 1.000000
1967.660400 0.000000 1749.184204 0.000000 0.000000 0.000000 1.000000 1.000000 1.000000 1.000000
1656.452881 0.000000 1967.289795 0.000000 0.000000 0.000000 1.000000 1.000000 1.000000 1.000000
2140.938477 0.000000 2126.966797 0.000000 0.000000 0.000000 1.000000 1.000000 1.000000 1.000000
"}
object={
	name="env_desert_plains"
	clamp_to_water_level=yes
	render_under_water=no
	generated_content=no
	layer="env_effect_layer"
	entity="env_desert_plains"
	count=67
	transform="2132.913330 0.000000 1853.059570 0.000000 0.000000 0.000000 1.000000 1.000000 1.000000 1.000000
1832.747314 0.000000 2365.385986 0.000000 0.000000 0.000000 1.000000 1.000000 1.000000 1.000000
1969.706055 0.000000 2580.885498 0.000000 0.000000 0.000000 1.000000 1.000000 1.000000 1.000000
1476.234131 0.000000 2552.727051 0.000000 0.000000 0.000000 1.000000 1.000000 1.000000 1.000000
1364.032959 0.000000 2473.335938 0.000000 0.000000 0.000000 1.000000 1.000000 1.000000 1.000000
1313.881958 0.000000 2059.345947 0.000000 0.000000 0.000000 1.000000 1.000000 1.000000 1.000000
1373.885742 0.000000 1985.138550 0.000000 0.000000 0.000000 1.000000 1.000000 1.000000 1.000000
1393.240234 0.000000 2087.543945 0.000000 0.000000 0.000000 1.000000 1.000000 1.000000 1.000000
1383.599121 0.000000 2119.876709 0.000000 0.000000 0.000000 1.000000 1.000000 1.000000 1.000000
995.504883 0.000000 1993.131958 0.000000 0.000000 0.000000 1.000000 1.000000 1.000000 1.000000
1064.688232 0.000000 1949.247559 0.000000 0.000000 0.000000 1.000000 1.000000 1.000000 1.000000
1080.790405 0.000000 2115.819580 0.000000 0.000000 0.000000 1.000000 1.000000 1.000000 1.000000
2654.311768 0.000000 2322.151611 0.000000 0.000000 0.000000 1.000000 1.000000 1.000000 1.000000
2494.502686 0.000000 2243.863281 0.000000 0.000000 0.000000 1.000000 1.000000 1.000000 1.000000
2481.950928 0.000000 2166.458496 0.000000 0.000000 0.000000 1.000000 1.000000 1.000000 1.000000
2770.060303 0.000000 2285.145752 0.000000 0.000000 0.000000 1.000000 1.000000 1.000000 1.000000
2765.624023 0.000000 2162.457031 0.000000 0.000000 0.000000 1.000000 1.000000 1.000000 1.000000
2783.791992 0.000000 1957.243896 0.000000 0.000000 0.000000 1.000000 1.000000 1.000000 1.000000
2708.339355 0.000000 1748.085083 0.000000 0.000000 0.000000 1.000000 1.000000 1.000000 1.000000
2701.899902 0.000000 1714.914551 0.000000 0.000000 0.000000 1.000000 1.000000 1.000000 1.000000
2931.881104 0.000000 2360.438721 0.000000 0.000000 0.000000 1.000000 1.000000 1.000000 1.000000
3060.033447 0.000000 2203.668945 0.000000 0.000000 0.000000 1.000000 1.000000 1.000000 1.000000
3163.818115 0.000000 2037.321777 0.000000 0.000000 0.000000 1.000000 1.000000 1.000000 1.000000
3156.228516 0.000000 1944.531738 0.000000 0.000000 0.000000 1.000000 1.000000 1.000000 1.000000
3102.807617 0.000000 1895.428223 0.000000 0.000000 0.000000 1.000000 1.000000 1.000000 1.000000
3106.063477 0.000000 1729.992065 0.000000 0.000000 0.000000 1.000000 1.000000 1.000000 1.000000
3178.258301 0.000000 1930.757446 0.000000 0.000000 0.000000 1.000000 1.000000 1.000000 1.000000
3278.017334 0.000000 2107.410156 0.000000 0.000000 0.000000 1.000000 1.000000 1.000000 1.000000
3453.208008 0.000000 1899.306152 0.000000 0.000000 0.000000 1.000000 1.000000 1.000000 1.000000
3778.198486 0.000000 2707.781738 0.000000 0.000000 0.000000 1.000000 1.000000 1.000000 1.000000
3873.435791 0.000000 2644.527832 0.000000 0.000000 0.000000 1.000000 1.000000 1.000000 1.000000
3864.632324 0.000000 2507.937500 0.000000 0.000000 0.000000 1.000000 1.000000 1.000000 1.000000
3755.084473 0.000000 2380.622070 0.000000 0.000000 0.000000 1.000000 1.000000 1.000000 1.000000
3868.905273 0.000000 2380.614746 0.000000 0.000000 0.000000 1.000000 1.000000 1.000000 1.000000
4103.005859 0.000000 2442.745850 0.000000 0.000000 0.000000 1.000000 1.000000 1.000000 1.000000
4140.313477 0.000000 2240.914551 0.000000 0.000000 0.000000 1.000000 1.000000 1.000000 1.000000
3964.910645 0.000000 2251.772217 0.000000 0.000000 0.000000 1.000000 1.000000 1.000000 1.000000
4033.538818 0.000000 2100.255859 0.000000 0.000000 0.000000 1.000000 1.000000 1.000000 1.000000
4064.536621 0.000000 1918.798584 0.000000 0.000000 0.000000 1.000000 1.000000 1.000000 1.000000
4421.282227 0.000000 1988.816895 0.000000 0.000000 0.000000 1.000000 1.000000 1.000000 1.000000
4625.125488 0.000000 1970.324219 0.000000 0.000000 0.000000 1.000000 1.000000 1.000000 1.000000
4839.333984 0.000000 1933.595337 0.000000 0.000000 0.000000 1.000000 1.000000 1.000000 1.000000
4759.004395 0.000000 1904.817017 0.000000 0.000000 0.000000 1.000000 1.000000 1.000000 1.000000
4649.747559 0.000000 1821.467529 0.000000 0.000000 0.000000 1.000000 1.000000 1.000000 1.000000
4426.329590 0.000000 1777.664185 0.000000 0.000000 0.000000 1.000000 1.000000 1.000000 1.000000
4113.413086 0.000000 1773.430420 0.000000 0.000000 0.000000 1.000000 1.000000 1.000000 1.000000
4464.569824 0.000000 1944.152344 0.000000 0.000000 0.000000 1.000000 1.000000 1.000000 1.000000
4549.993652 0.000000 1986.124023 0.000000 0.000000 0.000000 1.000000 1.000000 1.000000 1.000000
4699.015625 0.000000 2787.926514 0.000000 0.000000 0.000000 1.000000 1.000000 1.000000 1.000000
4855.820801 0.000000 2533.645508 0.000000 0.000000 0.000000 1.000000 1.000000 1.000000 1.000000
6525.612305 0.000000 3108.863281 0.000000 0.000000 0.000000 1.000000 1.000000 1.000000 1.000000
6302.869629 0.000000 3126.045166 0.000000 0.000000 0.000000 1.000000 1.000000 1.000000 1.000000
6246.675781 0.000000 3060.488037 0.000000 0.000000 0.000000 1.000000 1.000000 1.000000 1.000000
5138.428223 0.000000 3383.633301 0.000000 0.000000 0.000000 1.000000 1.000000 1.000000 1.000000
5478.204102 0.000000 3602.570801 0.000000 0.000000 0.000000 1.000000 1.000000 1.000000 1.000000
5555.693848 0.000000 3540.456055 0.000000 0.000000 0.000000 1.000000 1.000000 1.000000 1.000000
5616.065918 0.000000 3481.425537 0.000000 0.000000 0.000000 1.000000 1.000000 1.000000 1.000000
4637.342773 0.000000 3512.595703 0.000000 0.000000 0.000000 1.000000 1.000000 1.000000 1.000000
4688.904785 0.000000 3453.527100 0.000000 0.000000 0.000000 1.000000 1.000000 1.000000 1.000000
4698.148438 0.000000 3322.291992 0.000000 0.000000 0.000000 1.000000 1.000000 1.000000 1.000000
6633.026367 0.000000 3469.926758 0.000000 0.000000 0.000000 1.000000 1.000000 1.000000 1.000000
6583.163086 0.000000 3492.229248 0.000000 0.000000 0.000000 1.000000 1.000000 1.000000 1.000000
6438.348145 0.000000 3565.701416 0.000000 0.000000 0.000000 1.000000 1.000000 1.000000 1.000000
6942.982910 0.000000 3208.144775 0.000000 0.000000 0.000000 1.000000 1.000000 1.000000 1.000000
6970.511719 0.000000 3238.286865 0.000000 0.000000 0.000000 1.000000 1.000000 1.000000 1.000000
7337.536621 0.000000 3187.164795 0.000000 0.000000 0.000000 1.000000 1.000000 1.000000 1.000000
7441.354004 0.000000 3176.289795 0.000000 0.000000 0.000000 1.000000 1.000000 1.000000 1.000000
"}
object={
	name="env_desert_plains_ambient"
	clamp_to_water_level=yes
	render_under_water=no
	generated_content=no
	layer="env_effect_layer"
	entity="env_desert_plains_ambient"
	count=15
	transform="6407.761719 0.000000 3106.605957 0.000000 0.000000 0.000000 1.000000 1.000000 1.000000 1.000000
7373.727051 0.000000 3186.917236 0.000000 0.000000 0.000000 1.000000 1.000000 1.000000 1.000000
4990.979980 0.000000 3121.017090 0.000000 0.000000 0.000000 1.000000 1.000000 1.000000 1.000000
5667.172852 0.000000 2377.253418 0.000000 0.000000 0.000000 1.000000 1.000000 1.000000 1.000000
3895.722656 0.000000 2554.239014 0.000000 0.000000 0.000000 1.000000 1.000000 1.000000 1.000000
4687.815918 0.000000 1920.123047 0.000000 0.000000 0.000000 1.000000 1.000000 1.000000 1.000000
2522.248535 0.000000 1515.727905 0.000000 0.000000 0.000000 1.000000 1.000000 1.000000 1.000000
2853.072021 0.000000 2379.911621 0.000000 0.000000 0.000000 1.000000 1.000000 1.000000 1.000000
1870.538940 0.000000 2536.105469 0.000000 0.000000 0.000000 1.000000 1.000000 1.000000 1.000000
1506.187622 0.000000 2542.415039 0.000000 0.000000 0.000000 1.000000 1.000000 1.000000 1.000000
1067.821045 0.000000 2260.509277 0.000000 0.000000 0.000000 1.000000 1.000000 1.000000 1.000000
658.587769 0.000000 2082.714600 0.000000 0.000000 0.000000 1.000000 1.000000 1.000000 1.000000
774.984131 0.000000 1896.755371 0.000000 0.000000 0.000000 1.000000 1.000000 1.000000 1.000000
1360.188232 0.000000 1979.322510 0.000000 0.000000 0.000000 1.000000 1.000000 1.000000 1.000000
1542.769775 0.000000 2075.377197 0.000000 0.000000 0.000000 1.000000 1.000000 1.000000 1.000000
"}
object={
	name="env_forest_mountains"
	clamp_to_water_level=yes
	render_under_water=no
	generated_content=no
	layer="env_effect_mountains_layer"
	entity="env_mist_sun"
	count=80
	transform="7102.347656 0.000000 2226.106445 0.000000 0.000000 0.000000 1.000000 1.000000 1.000000 1.000000
7278.820801 0.000000 2076.849854 0.000000 0.000000 0.000000 1.000000 1.000000 1.000000 1.000000
7339.795898 0.000000 1965.331543 0.000000 0.000000 0.000000 1.000000 1.000000 1.000000 1.000000
7305.853027 0.000000 2040.386963 0.000000 0.000000 0.000000 1.000000 1.000000 1.000000 1.000000
7139.674316 0.000000 2171.013428 0.000000 0.000000 0.000000 1.000000 1.000000 1.000000 1.000000
6961.725098 0.000000 2106.373291 0.000000 0.000000 0.000000 1.000000 1.000000 1.000000 1.000000
7247.262695 0.000000 1977.073364 0.000000 0.000000 0.000000 1.000000 1.000000 1.000000 1.000000
7236.720703 0.000000 1957.355713 0.000000 0.000000 0.000000 1.000000 1.000000 1.000000 1.000000
2791.653809 0.000000 3741.237549 0.000000 0.000000 0.000000 1.000000 1.000000 1.000000 1.000000
2950.494385 0.000000 3667.071533 0.000000 0.000000 0.000000 1.000000 1.000000 1.000000 1.000000
2984.952148 0.000000 3612.905029 0.000000 0.000000 0.000000 1.000000 1.000000 1.000000 1.000000
2793.324707 0.000000 5435.760254 0.000000 0.000000 0.000000 1.000000 1.000000 1.000000 1.000000
2733.008301 0.000000 5320.728516 0.000000 0.000000 0.000000 1.000000 1.000000 1.000000 1.000000
2605.429443 0.000000 5180.606445 0.000000 0.000000 0.000000 1.000000 1.000000 1.000000 1.000000
2521.074219 0.000000 5074.247070 0.000000 0.000000 0.000000 1.000000 1.000000 1.000000 1.000000
2419.303955 0.000000 4965.199219 0.000000 0.000000 0.000000 1.000000 1.000000 1.000000 1.000000
2295.282227 0.000000 4773.337402 0.000000 0.000000 0.000000 1.000000 1.000000 1.000000 1.000000
2291.900635 0.000000 4762.740234 0.000000 0.000000 0.000000 1.000000 1.000000 1.000000 1.000000
1224.531982 0.000000 4498.722168 0.000000 0.000000 0.000000 1.000000 1.000000 1.000000 1.000000
5736.607422 0.000000 1871.763672 0.000000 0.000000 0.000000 1.000000 1.000000 1.000000 1.000000
5805.745117 0.000000 1695.902588 0.000000 0.000000 0.000000 1.000000 1.000000 1.000000 1.000000
5855.191895 0.000000 1544.831299 0.000000 0.000000 0.000000 1.000000 1.000000 1.000000 1.000000
5878.167969 0.000000 1497.999512 0.000000 0.000000 0.000000 1.000000 1.000000 1.000000 1.000000
5958.662109 0.000000 1305.300293 0.000000 0.000000 0.000000 1.000000 1.000000 1.000000 1.000000
5960.848633 0.000000 1375.390625 0.000000 0.000000 0.000000 1.000000 1.000000 1.000000 1.000000
6026.197266 0.000000 1465.008057 0.000000 0.000000 0.000000 1.000000 1.000000 1.000000 1.000000
7592.823730 0.000000 1755.835693 0.000000 0.000000 0.000000 1.000000 1.000000 1.000000 1.000000
7656.495117 0.000000 1671.939453 0.000000 0.000000 0.000000 1.000000 1.000000 1.000000 1.000000
7719.053711 0.000000 1528.093262 0.000000 0.000000 0.000000 1.000000 1.000000 1.000000 1.000000
7735.651855 0.000000 1464.182373 0.000000 0.000000 0.000000 1.000000 1.000000 1.000000 1.000000
7357.167969 0.000000 974.222412 0.000000 0.000000 0.000000 1.000000 1.000000 1.000000 1.000000
7366.893066 0.000000 906.159424 0.000000 0.000000 0.000000 1.000000 1.000000 1.000000 1.000000
7373.692871 0.000000 864.866699 0.000000 0.000000 0.000000 1.000000 1.000000 1.000000 1.000000
7724.721191 0.000000 2124.102783 0.000000 0.000000 0.000000 1.000000 1.000000 1.000000 1.000000
8149.463867 0.000000 2138.359375 0.000000 0.000000 0.000000 1.000000 1.000000 1.000000 1.000000
8198.929688 0.000000 2191.163086 0.000000 0.000000 0.000000 1.000000 1.000000 1.000000 1.000000
8497.916016 0.000000 2122.573975 0.000000 0.000000 0.000000 1.000000 1.000000 1.000000 1.000000
8487.760742 0.000000 2077.499512 0.000000 0.000000 0.000000 1.000000 1.000000 1.000000 1.000000
8477.055664 0.000000 2056.441162 0.000000 0.000000 0.000000 1.000000 1.000000 1.000000 1.000000
8484.926758 0.000000 1670.879028 0.000000 0.000000 0.000000 1.000000 1.000000 1.000000 1.000000
8144.403809 0.000000 773.814270 0.000000 0.000000 0.000000 1.000000 1.000000 1.000000 1.000000
7278.580078 0.000000 745.873901 0.000000 0.000000 0.000000 1.000000 1.000000 1.000000 1.000000
7351.209961 0.000000 651.142700 0.000000 0.000000 0.000000 1.000000 1.000000 1.000000 1.000000
7430.024902 0.000000 550.122192 0.000000 0.000000 0.000000 1.000000 1.000000 1.000000 1.000000
7438.215332 0.000000 466.730713 0.000000 0.000000 0.000000 1.000000 1.000000 1.000000 1.000000
7508.701172 0.000000 446.680298 0.000000 0.000000 0.000000 1.000000 1.000000 1.000000 1.000000
9455.623047 0.000000 479.116943 0.000000 0.000000 0.000000 1.000000 1.000000 1.000000 1.000000
9698.896484 0.000000 353.259705 0.000000 0.000000 0.000000 1.000000 1.000000 1.000000 1.000000
9814.831055 0.000000 304.688782 0.000000 0.000000 0.000000 1.000000 1.000000 1.000000 1.000000
9867.178711 0.000000 274.921936 0.000000 0.000000 0.000000 1.000000 1.000000 1.000000 1.000000
8442.944336 0.000000 585.005432 0.000000 0.000000 0.000000 1.000000 1.000000 1.000000 1.000000
9702.590820 0.000000 3371.498535 0.000000 0.000000 0.000000 1.000000 1.000000 1.000000 1.000000
9749.239258 0.000000 3393.335449 0.000000 0.000000 0.000000 1.000000 1.000000 1.000000 1.000000
9763.782227 0.000000 3396.458008 0.000000 0.000000 0.000000 1.000000 1.000000 1.000000 1.000000
9580.006836 0.000000 3131.436523 0.000000 0.000000 0.000000 1.000000 1.000000 1.000000 1.000000
9609.278320 0.000000 3076.157959 0.000000 0.000000 0.000000 1.000000 1.000000 1.000000 1.000000
9558.040039 0.000000 2944.980469 0.000000 0.000000 0.000000 1.000000 1.000000 1.000000 1.000000
9506.250000 0.000000 2883.049561 0.000000 0.000000 0.000000 1.000000 1.000000 1.000000 1.000000
9417.655273 0.000000 2830.219482 0.000000 0.000000 0.000000 1.000000 1.000000 1.000000 1.000000
9262.636719 0.000000 2773.435303 0.000000 0.000000 0.000000 1.000000 1.000000 1.000000 1.000000
9308.025391 0.000000 3746.327148 0.000000 0.000000 0.000000 1.000000 1.000000 1.000000 1.000000
9192.565430 0.000000 3547.680664 0.000000 0.000000 0.000000 1.000000 1.000000 1.000000 1.000000
9066.142578 0.000000 3453.317139 0.000000 0.000000 0.000000 1.000000 1.000000 1.000000 1.000000
9013.265625 0.000000 3412.726562 0.000000 0.000000 0.000000 1.000000 1.000000 1.000000 1.000000
9521.769531 0.000000 3801.166992 0.000000 0.000000 0.000000 1.000000 1.000000 1.000000 1.000000
9333.470703 0.000000 3957.083008 0.000000 0.000000 0.000000 1.000000 1.000000 1.000000 1.000000
8888.178711 0.000000 3976.843262 0.000000 0.000000 0.000000 1.000000 1.000000 1.000000 1.000000
8596.743164 0.000000 4005.476074 0.000000 0.000000 0.000000 1.000000 1.000000 1.000000 1.000000
8520.138672 0.000000 4086.375488 0.000000 0.000000 0.000000 1.000000 1.000000 1.000000 1.000000
8613.013672 0.000000 4125.395996 0.000000 0.000000 0.000000 1.000000 1.000000 1.000000 1.000000
7823.321777 0.000000 4310.125488 0.000000 0.000000 0.000000 1.000000 1.000000 1.000000 1.000000
7874.911621 0.000000 4257.302734 0.000000 0.000000 0.000000 1.000000 1.000000 1.000000 1.000000
7548.015625 0.000000 4449.264160 0.000000 0.000000 0.000000 1.000000 1.000000 1.000000 1.000000
7442.919434 0.000000 4395.655273 0.000000 0.000000 0.000000 1.000000 1.000000 1.000000 1.000000
7164.429688 0.000000 4318.608887 0.000000 0.000000 0.000000 1.000000 1.000000 1.000000 1.000000
6806.219727 0.000000 4415.541992 0.000000 0.000000 0.000000 1.000000 1.000000 1.000000 1.000000
6786.380859 0.000000 4398.810059 0.000000 0.000000 0.000000 1.000000 1.000000 1.000000 1.000000
8738.332031 0.000000 4239.294434 0.000000 0.000000 0.000000 1.000000 1.000000 1.000000 1.000000
8868.132812 0.000000 4296.510254 0.000000 0.000000 0.000000 1.000000 1.000000 1.000000 1.000000
8888.315430 0.000000 4446.481445 0.000000 0.000000 0.000000 1.000000 1.000000 1.000000 1.000000
"}
object={
	name="env_mist_forest"
	clamp_to_water_level=yes
	render_under_water=no
	generated_content=no
	layer="env_effect_layer"
	entity="env_mist_sun"
	count=58
	transform="2375.042725 0.000000 4093.160156 0.000000 0.000000 0.000000 1.000000 1.000000 1.000000 1.000000
1591.682373 0.000000 3666.440186 0.000000 0.000000 0.000000 1.000000 1.000000 1.000000 1.000000
3134.913574 0.000000 3887.308350 0.000000 0.000000 0.000000 1.000000 1.000000 1.000000 1.000000
1534.165283 0.000000 3475.334717 0.000000 0.000000 0.000000 1.000000 1.000000 1.000000 1.000000
3104.766602 0.000000 4415.473145 0.000000 0.000000 0.000000 1.000000 1.000000 1.000000 1.000000
3653.201416 0.000000 4023.153564 0.000000 0.000000 0.000000 1.000000 1.000000 1.000000 1.000000
3524.148926 0.000000 3981.286133 0.000000 0.000000 0.000000 1.000000 1.000000 1.000000 1.000000
4124.744141 0.000000 4016.176514 0.000000 0.000000 0.000000 1.000000 1.000000 1.000000 1.000000
4369.138184 0.000000 4227.153320 0.000000 0.000000 0.000000 1.000000 1.000000 1.000000 1.000000
4440.642090 0.000000 4297.926758 0.000000 0.000000 0.000000 1.000000 1.000000 1.000000 1.000000
4238.005371 0.000000 4415.429199 0.000000 0.000000 0.000000 1.000000 1.000000 1.000000 1.000000
3835.383545 0.000000 4308.605469 0.000000 0.000000 0.000000 1.000000 1.000000 1.000000 1.000000
3743.828125 0.000000 4297.939941 0.000000 0.000000 0.000000 1.000000 1.000000 1.000000 1.000000
3564.512207 0.000000 4276.672852 0.000000 0.000000 0.000000 1.000000 1.000000 1.000000 1.000000
2705.964355 0.000000 4383.694824 0.000000 0.000000 0.000000 1.000000 1.000000 1.000000 1.000000
2853.042725 0.000000 4907.332031 0.000000 0.000000 0.000000 1.000000 1.000000 1.000000 1.000000
2744.440674 0.000000 4816.139160 0.000000 0.000000 0.000000 1.000000 1.000000 1.000000 1.000000
2406.720703 0.000000 4903.278320 0.000000 0.000000 0.000000 1.000000 1.000000 1.000000 1.000000
2364.520508 0.000000 4779.273926 0.000000 0.000000 0.000000 1.000000 1.000000 1.000000 1.000000
2332.077637 0.000000 4692.193359 0.000000 0.000000 0.000000 1.000000 1.000000 1.000000 1.000000
2247.187256 0.000000 4681.316406 0.000000 0.000000 0.000000 1.000000 1.000000 1.000000 1.000000
2363.807617 0.000000 4594.826660 0.000000 0.000000 0.000000 1.000000 1.000000 1.000000 1.000000
2406.592529 0.000000 4490.546875 0.000000 0.000000 0.000000 1.000000 1.000000 1.000000 1.000000
2931.976562 0.000000 5228.761719 0.000000 0.000000 0.000000 1.000000 1.000000 1.000000 1.000000
3075.411621 0.000000 5266.374512 0.000000 0.000000 0.000000 1.000000 1.000000 1.000000 1.000000
3085.665039 0.000000 5307.123047 0.000000 0.000000 0.000000 1.000000 1.000000 1.000000 1.000000
6920.534668 0.000000 2177.370605 0.000000 0.000000 0.000000 1.000000 1.000000 1.000000 1.000000
6927.907227 0.000000 2073.484375 0.000000 0.000000 0.000000 1.000000 1.000000 1.000000 1.000000
6928.689453 0.000000 2004.253784 0.000000 0.000000 0.000000 1.000000 1.000000 1.000000 1.000000
7283.378418 0.000000 2090.698975 0.000000 0.000000 0.000000 1.000000 1.000000 1.000000 1.000000
7380.924316 0.000000 1925.212891 0.000000 0.000000 0.000000 1.000000 1.000000 1.000000 1.000000
6261.445312 0.000000 2328.138184 0.000000 0.000000 0.000000 1.000000 1.000000 1.000000 1.000000
6430.241211 0.000000 2282.665527 0.000000 0.000000 0.000000 1.000000 1.000000 1.000000 1.000000
6598.872070 0.000000 2258.158447 0.000000 0.000000 0.000000 1.000000 1.000000 1.000000 1.000000
6658.601074 0.000000 2240.690186 0.000000 0.000000 0.000000 1.000000 1.000000 1.000000 1.000000
6533.749023 0.000000 2090.832764 0.000000 0.000000 0.000000 1.000000 1.000000 1.000000 1.000000
6252.384766 0.000000 2007.769043 0.000000 0.000000 0.000000 1.000000 1.000000 1.000000 1.000000
6187.837402 0.000000 1952.563354 0.000000 0.000000 0.000000 1.000000 1.000000 1.000000 1.000000
6077.515137 0.000000 1849.484009 0.000000 0.000000 0.000000 1.000000 1.000000 1.000000 1.000000
6022.792480 0.000000 2011.158936 0.000000 0.000000 0.000000 1.000000 1.000000 1.000000 1.000000
5932.980469 0.000000 1931.944458 0.000000 0.000000 0.000000 1.000000 1.000000 1.000000 1.000000
5813.163086 0.000000 1894.106079 0.000000 0.000000 0.000000 1.000000 1.000000 1.000000 1.000000
5802.199219 0.000000 1839.302368 0.000000 0.000000 0.000000 1.000000 1.000000 1.000000 1.000000
5770.587891 0.000000 1730.306152 0.000000 0.000000 0.000000 1.000000 1.000000 1.000000 1.000000
5785.388672 0.000000 1631.884033 0.000000 0.000000 0.000000 1.000000 1.000000 1.000000 1.000000
5840.481445 0.000000 1550.812134 0.000000 0.000000 0.000000 1.000000 1.000000 1.000000 1.000000
6066.746582 0.000000 1611.276245 0.000000 0.000000 0.000000 1.000000 1.000000 1.000000 1.000000
6090.764160 0.000000 1607.782715 0.000000 0.000000 0.000000 1.000000 1.000000 1.000000 1.000000
6416.008301 0.000000 1856.289673 0.000000 0.000000 0.000000 1.000000 1.000000 1.000000 1.000000
2778.279297 0.000000 3670.265381 0.000000 0.000000 0.000000 1.000000 1.000000 1.000000 1.000000
2614.720947 0.000000 3575.856934 0.000000 0.000000 0.000000 1.000000 1.000000 1.000000 1.000000
2848.260742 0.000000 3600.199219 0.000000 0.000000 0.000000 1.000000 1.000000 1.000000 1.000000
2528.496582 0.000000 3621.279541 0.000000 0.000000 0.000000 1.000000 1.000000 1.000000 1.000000
2267.743408 0.000000 3888.413330 0.000000 0.000000 0.000000 1.000000 1.000000 1.000000 1.000000
2267.261230 0.000000 4049.242676 0.000000 0.000000 0.000000 1.000000 1.000000 1.000000 1.000000
2422.712646 0.000000 4124.386719 0.000000 0.000000 0.000000 1.000000 1.000000 1.000000 1.000000
1566.181152 0.000000 3832.196289 0.000000 0.000000 0.000000 1.000000 1.000000 1.000000 1.000000
1290.392822 0.000000 4038.299805 0.000000 0.000000 0.000000 1.000000 1.000000 1.000000 1.000000
"}
object={
	name="env_snow_mountains"
	clamp_to_water_level=yes
	render_under_water=no
	generated_content=no
	layer="env_effect_mountains_layer"
	entity="env_snow_mountains"
	count=67
	transform="6124.670898 0.000000 2536.081543 0.000000 0.000000 0.000000 1.000000 1.000000 1.000000 1.000000
6270.429688 0.000000 2468.742188 0.000000 0.000000 0.000000 1.000000 1.000000 1.000000 1.000000
6984.340332 0.000000 2422.563965 0.000000 0.000000 0.000000 1.000000 1.000000 1.000000 1.000000
7140.005859 0.000000 2425.020752 0.000000 0.000000 0.000000 1.000000 1.000000 1.000000 1.000000
7439.913574 0.000000 2525.613525 0.000000 0.000000 0.000000 1.000000 1.000000 1.000000 1.000000
5470.990234 0.000000 3078.736816 0.000000 0.000000 0.000000 1.000000 1.000000 1.000000 1.000000
5977.449707 0.000000 3200.218994 0.000000 0.000000 0.000000 1.000000 1.000000 1.000000 1.000000
6172.453125 0.000000 3280.673340 0.000000 0.000000 0.000000 1.000000 1.000000 1.000000 1.000000
5782.166504 0.000000 2909.727051 0.000000 0.000000 0.000000 1.000000 1.000000 1.000000 1.000000
5874.406250 0.000000 2888.686279 0.000000 0.000000 0.000000 1.000000 1.000000 1.000000 1.000000
6646.202148 0.000000 3750.254150 0.000000 0.000000 0.000000 1.000000 1.000000 1.000000 1.000000
6542.157227 0.000000 3778.724365 0.000000 0.000000 0.000000 1.000000 1.000000 1.000000 1.000000
6787.726562 0.000000 3616.175537 0.000000 0.000000 0.000000 1.000000 1.000000 1.000000 1.000000
6614.648438 0.000000 3845.169922 0.000000 0.000000 0.000000 1.000000 1.000000 1.000000 1.000000
6542.164551 0.000000 3891.357666 0.000000 0.000000 0.000000 1.000000 1.000000 1.000000 1.000000
6508.814453 0.000000 3954.208984 0.000000 0.000000 0.000000 1.000000 1.000000 1.000000 1.000000
6528.330566 0.000000 4060.674316 0.000000 0.000000 0.000000 1.000000 1.000000 1.000000 1.000000
6612.691406 0.000000 4139.523438 0.000000 0.000000 0.000000 1.000000 1.000000 1.000000 1.000000
6603.144531 0.000000 4210.059082 0.000000 0.000000 0.000000 1.000000 1.000000 1.000000 1.000000
7108.743164 0.000000 3665.671143 0.000000 0.000000 0.000000 1.000000 1.000000 1.000000 1.000000
7207.851562 0.000000 3661.731689 0.000000 0.000000 0.000000 1.000000 1.000000 1.000000 1.000000
7255.577637 0.000000 3667.697266 0.000000 0.000000 0.000000 1.000000 1.000000 1.000000 1.000000
2267.607422 0.000000 3585.706299 0.000000 0.000000 0.000000 1.000000 1.000000 1.000000 1.000000
2191.061035 0.000000 3585.790283 0.000000 0.000000 0.000000 1.000000 1.000000 1.000000 1.000000
2107.552979 0.000000 3583.263428 0.000000 0.000000 0.000000 1.000000 1.000000 1.000000 1.000000
2053.414307 0.000000 3577.279297 0.000000 0.000000 0.000000 1.000000 1.000000 1.000000 1.000000
1921.425171 0.000000 3568.056885 0.000000 0.000000 0.000000 1.000000 1.000000 1.000000 1.000000
1927.664795 0.000000 3524.667725 0.000000 0.000000 0.000000 1.000000 1.000000 1.000000 1.000000
1888.405273 0.000000 3472.363770 0.000000 0.000000 0.000000 1.000000 1.000000 1.000000 1.000000
1920.089722 0.000000 3422.423584 0.000000 0.000000 0.000000 1.000000 1.000000 1.000000 1.000000
1452.888306 0.000000 3346.303711 0.000000 0.000000 0.000000 1.000000 1.000000 1.000000 1.000000
1571.427368 0.000000 3298.947266 0.000000 0.000000 0.000000 1.000000 1.000000 1.000000 1.000000
1600.353516 0.000000 3287.152344 0.000000 0.000000 0.000000 1.000000 1.000000 1.000000 1.000000
1622.645508 0.000000 3286.749268 0.000000 0.000000 0.000000 1.000000 1.000000 1.000000 1.000000
429.398926 0.000000 5082.545898 0.000000 0.000000 0.000000 1.000000 1.000000 1.000000 1.000000
535.983154 0.000000 5075.654297 0.000000 0.000000 0.000000 1.000000 1.000000 1.000000 1.000000
568.871582 0.000000 5079.430664 0.000000 0.000000 0.000000 1.000000 1.000000 1.000000 1.000000
585.741211 0.000000 5078.583496 0.000000 0.000000 0.000000 1.000000 1.000000 1.000000 1.000000
2028.620361 0.000000 4810.951660 0.000000 0.000000 0.000000 1.000000 1.000000 1.000000 1.000000
1889.855103 0.000000 4700.936035 0.000000 0.000000 0.000000 1.000000 1.000000 1.000000 1.000000
1909.462402 0.000000 4711.743652 0.000000 0.000000 0.000000 1.000000 1.000000 1.000000 1.000000
1997.980957 0.000000 4841.411133 0.000000 0.000000 0.000000 1.000000 1.000000 1.000000 1.000000
2171.390869 0.000000 5022.984375 0.000000 0.000000 0.000000 1.000000 1.000000 1.000000 1.000000
2392.879883 0.000000 5182.674316 0.000000 0.000000 0.000000 1.000000 1.000000 1.000000 1.000000
2556.739258 0.000000 5300.276367 0.000000 0.000000 0.000000 1.000000 1.000000 1.000000 1.000000
2650.024170 0.000000 5382.153809 0.000000 0.000000 0.000000 1.000000 1.000000 1.000000 1.000000
2687.444336 0.000000 5417.884277 0.000000 0.000000 0.000000 1.000000 1.000000 1.000000 1.000000
2572.104980 0.000000 5348.703613 0.000000 0.000000 0.000000 1.000000 1.000000 1.000000 1.000000
2401.978027 0.000000 5226.829102 0.000000 0.000000 0.000000 1.000000 1.000000 1.000000 1.000000
2288.308594 0.000000 5136.130859 0.000000 0.000000 0.000000 1.000000 1.000000 1.000000 1.000000
2171.390869 0.000000 5022.984375 0.000000 0.000000 0.000000 1.000000 1.000000 1.000000 1.000000
2157.238525 0.000000 4974.005859 0.000000 0.000000 0.000000 1.000000 1.000000 1.000000 1.000000
2107.371582 0.000000 4883.335938 0.000000 0.000000 0.000000 1.000000 1.000000 1.000000 1.000000
2074.961426 0.000000 4816.684570 0.000000 0.000000 0.000000 1.000000 1.000000 1.000000 1.000000
2778.552490 0.000000 3747.842773 0.000000 0.000000 0.000000 1.000000 1.000000 1.000000 1.000000
2846.997803 0.000000 3712.302734 0.000000 0.000000 0.000000 1.000000 1.000000 1.000000 1.000000
2947.553955 0.000000 3665.099365 0.000000 0.000000 0.000000 1.000000 1.000000 1.000000 1.000000
2985.890625 0.000000 3617.951416 0.000000 0.000000 0.000000 1.000000 1.000000 1.000000 1.000000
2991.552002 0.000000 3567.995605 0.000000 0.000000 0.000000 1.000000 1.000000 1.000000 1.000000
2893.829834 0.000000 3521.027344 0.000000 0.000000 0.000000 1.000000 1.000000 1.000000 1.000000
2787.497314 0.000000 3436.191406 0.000000 0.000000 0.000000 1.000000 1.000000 1.000000 1.000000
3856.346191 0.000000 3361.899658 0.000000 0.000000 0.000000 1.000000 1.000000 1.000000 1.000000
3951.476807 0.000000 3337.149902 0.000000 0.000000 0.000000 1.000000 1.000000 1.000000 1.000000
4053.901611 0.000000 3297.982178 0.000000 0.000000 0.000000 1.000000 1.000000 1.000000 1.000000
4149.247559 0.000000 3277.479492 0.000000 0.000000 0.000000 1.000000 1.000000 1.000000 1.000000
4243.544922 0.000000 3237.898682 0.000000 0.000000 0.000000 1.000000 1.000000 1.000000 1.000000
4235.730469 0.000000 3246.235352 0.000000 0.000000 0.000000 1.000000 1.000000 1.000000 1.000000
"}
object={
	name="env_snow_plains"
	clamp_to_water_level=yes
	render_under_water=no
	generated_content=no
	layer="env_effect_layer"
	entity="env_snow_plains"
	count=5
	transform="3501.573242 0.000000 5466.665527 0.000000 0.000000 0.000000 1.000000 1.000000 1.000000 1.000000
3630.909668 0.000000 5409.010742 0.000000 0.000000 0.000000 1.000000 1.000000 1.000000 1.000000
4559.631348 0.000000 5244.386719 0.000000 0.000000 0.000000 1.000000 1.000000 1.000000 1.000000
3304.416504 0.000000 5517.206055 0.000000 0.000000 0.000000 1.000000 1.000000 1.000000 1.000000
3051.803711 0.000000 5615.026367 0.000000 0.000000 0.000000 1.000000 1.000000 1.000000 1.000000
"}
object={
	name="env_snow_plains_ambient"
	clamp_to_water_level=yes
	render_under_water=no
	generated_content=no
	layer="env_effect_layer"
	entity="env_snow_plains_ambient"
	count=7
	transform="3664.113281 0.000000 5372.708496 0.000000 0.000000 0.000000 1.000000 1.000000 1.000000 1.000000
3251.380127 0.000000 5440.552246 0.000000 0.000000 0.000000 1.000000 1.000000 1.000000 1.000000
5511.774902 0.000000 5097.678711 0.000000 0.000000 0.000000 1.000000 1.000000 1.000000 1.000000
5693.260742 0.000000 5052.123047 0.000000 0.000000 0.000000 1.000000 1.000000 1.000000 1.000000
6025.080566 0.000000 5052.128906 0.000000 0.000000 0.000000 1.000000 1.000000 1.000000 1.000000
6144.078125 0.000000 5066.235840 0.000000 0.000000 0.000000 1.000000 1.000000 1.000000 1.000000
5859.794434 0.000000 4972.025391 0.000000 0.000000 0.000000 1.000000 1.000000 1.000000 1.000000
"}
object={
	name="waterfall"
	clamp_to_water_level=yes
	render_under_water=no
	generated_content=no
	layer="coast_foam_layer"
	entity="waterfall"
	count=0
}
object={
	name="waterfall_bottom"
	clamp_to_water_level=yes
	render_under_water=no
	generated_content=no
	layer="coast_foam_layer"
	entity="waterfall_bottom"
	count=0
}
