object={
	name="lakes"
	clamp_to_water_level=no
	render_under_water=no
	generated_content=no
	layer="lake_layer"
	pdxmesh="lake_mesh"
	count=185
	transform="1865.452393 2.572510 3579.757080 0.000000 -0.141371 0.000000 0.989957 25.716228 25.716228 25.716228
2027.629272 1.972412 3667.388672 0.000000 0.181889 0.000000 0.983319 30.029146 30.029146 30.029146
2824.495850 1.124023 4155.300781 0.000000 0.000000 0.000000 1.000000 8.815869 8.815869 8.815869
2744.957031 1.163086 4161.916992 0.000000 0.580932 0.000000 0.813952 19.246355 19.246355 19.246355
2748.331543 1.448242 4132.656250 0.000000 0.407578 0.000000 0.913171 24.815107 24.815107 24.815107
2512.409424 1.336670 3608.086426 0.000000 -0.177341 0.000000 0.984150 33.728848 33.728848 33.728848
2179.564209 1.966553 3305.640625 0.000000 0.217724 0.000000 0.976010 12.116850 12.116850 12.116850
2705.067871 3.538086 3187.763672 0.000000 0.607972 0.000000 0.793959 13.299590 13.299590 13.299590
2686.829834 2.625977 3199.828125 0.000000 0.689680 0.000000 0.724114 13.230052 13.230052 13.230052
3420.457275 2.960205 3045.844482 0.000000 0.364795 0.000000 0.931088 33.852337 33.852337 33.852337
3275.564209 3.266846 2996.797119 0.000000 0.709951 0.000000 0.704251 19.967098 19.967098 19.967098
3311.104492 3.921875 2977.974854 0.000000 0.479372 0.000000 0.877612 18.849056 18.849056 18.849056
2107.396973 1.124756 3523.345947 0.000000 0.770003 0.000000 0.638041 18.584517 18.584517 18.584517
2312.036133 0.642822 4001.497803 0.000000 0.667719 0.000000 0.744414 5.542456 5.542456 5.542456
2231.835205 0.412109 4090.614014 0.000000 0.000000 0.000000 1.000000 5.739478 5.739478 5.739478
2223.844727 1.669434 4107.551270 0.000000 0.616465 0.000000 0.787382 11.950488 11.950488 11.950488
2175.050293 2.499023 4839.297363 0.000000 0.688088 0.000000 0.725628 29.420162 29.420162 29.420162
2164.385010 1.950684 4885.052246 0.000000 0.000000 0.000000 1.000000 14.071822 14.071822 14.071822
2116.957764 0.999023 4937.441406 0.000000 0.000000 0.000000 1.000000 22.235067 22.235067 22.235067
2408.089355 0.756836 4477.439453 0.000000 0.000000 0.000000 1.000000 15.321826 15.321826 15.321826
2362.125488 0.970215 4859.183105 0.000000 0.000000 0.000000 1.000000 29.109011 29.109011 29.109011
2370.760986 1.293457 4901.728027 0.000000 0.306567 0.000000 0.951849 18.478765 18.478765 18.478765
2325.092041 0.334961 4922.334961 0.000000 0.604574 0.000000 0.796549 63.485004 63.485004 63.485004
2316.672607 1.320801 5003.511719 0.000000 0.259743 0.000000 0.965678 33.809071 33.809071 33.809071
2248.457764 1.270996 4971.967285 0.000000 0.327233 0.000000 0.944944 30.079529 30.079529 30.079529
2403.452637 1.184570 5021.197754 0.000000 0.558461 0.000000 0.829531 29.779881 29.779881 29.779881
2385.991455 0.890625 5001.650391 0.000000 0.409360 0.000000 0.912373 28.038782 28.038782 28.038782
2345.239502 -0.205078 5040.733887 0.000000 0.000000 0.000000 1.000000 52.261814 52.261814 52.261814
2278.565186 -0.323242 5082.251953 0.000000 0.221773 0.000000 0.975098 52.815685 52.815685 52.815685
2300.927246 2.373535 5169.249023 0.000000 -0.381951 0.000000 0.924182 31.743128 31.743128 31.743128
2360.891602 -1.200684 5111.875000 0.000000 0.325271 0.000000 0.945621 34.511902 34.511902 34.511902
2458.216797 1.805664 5123.293945 0.000000 0.221059 0.000000 0.975260 32.785950 32.785950 32.785950
2428.783203 1.250488 5076.373047 0.000000 0.265809 0.000000 0.964026 44.409973 44.409973 44.409973
2523.598389 1.883301 5196.663086 0.000000 0.513908 0.000000 0.857845 56.259609 56.259609 56.259609
2577.146240 1.359863 5273.684570 0.000000 0.258800 0.000000 0.965931 62.600853 62.600853 62.600853
2576.069580 0.204102 5329.248047 0.000000 0.247522 0.000000 0.968882 70.339722 70.339722 70.339722
2460.461670 -0.661621 5334.784180 0.000000 0.000000 0.000000 1.000000 31.909939 31.909939 31.909939
2507.705811 1.666504 5354.692871 0.000000 0.162966 0.000000 0.986632 57.330715 57.330715 57.330715
2637.393066 0.534180 5418.291992 0.000000 0.245452 0.000000 0.969409 80.230553 80.230553 80.230553
2617.191650 0.054199 5442.135254 0.000000 0.127036 0.000000 0.991898 33.728535 33.728535 33.728535
2890.029053 1.779785 5556.689453 0.000000 0.000000 0.000000 1.000000 14.114502 14.114502 14.114502
3058.412598 -1.099609 5390.468262 0.000000 0.114858 0.000000 0.993382 69.747192 69.747192 69.747192
3982.971924 3.616455 3038.220459 0.000000 -0.208840 0.000000 0.977950 58.532623 58.532623 58.532623
4193.538086 1.236572 3189.535645 0.000000 0.000000 0.000000 1.000000 37.542984 37.542984 37.542984
4114.721680 4.226562 3150.686035 0.000000 0.481620 0.000000 0.876380 32.546665 32.546665 32.546665
4115.587402 2.117920 2969.896484 0.000000 0.563766 0.000000 0.825935 47.735088 47.735088 47.735088
4450.539551 2.025879 2796.860107 0.000000 -0.274213 0.000000 0.961669 28.415146 28.415146 28.415146
4541.351074 3.850586 2614.254395 0.000000 0.397969 0.000000 0.917399 39.320568 39.320568 39.320568
4547.484375 3.325439 2437.223633 0.000000 0.514431 0.000000 0.857532 13.066608 13.066608 13.066608
4595.483398 -1.304199 2440.823486 0.000000 0.314631 0.000000 0.949214 44.320930 44.320930 44.320930
4773.775391 3.344971 2478.114746 0.000000 0.000000 0.000000 1.000000 16.230957 16.230957 16.230957
4849.065430 1.658203 2514.812256 0.000000 0.000000 0.000000 1.000000 30.829477 30.829477 30.829477
4896.745117 1.593750 2451.338135 0.000000 0.000000 0.000000 1.000000 28.459480 28.459480 28.459480
4903.129395 1.741699 2386.384521 0.000000 -0.960504 0.000000 -0.278265 25.483728 25.483728 25.483728
4884.964844 2.041260 2317.972168 0.000000 0.000000 0.000000 1.000000 36.660641 36.660641 36.660641
5546.348145 2.028564 3149.387695 0.000000 -0.009949 0.000000 0.999951 28.971130 28.971130 28.971130
6710.176270 2.407471 3163.333740 0.000000 0.599212 0.000000 0.800590 36.138241 36.138241 36.138241
5887.410156 1.989502 2600.155029 0.000000 0.000000 0.000000 1.000000 36.249866 36.249866 36.249866
5918.554199 -1.192139 2561.822998 0.000000 0.232354 0.000000 0.972631 22.343920 22.343920 22.343920
5705.734375 -4.477295 2755.870605 0.000000 0.681147 0.000000 0.732146 29.752474 29.752474 29.752474
5752.355469 1.459717 2676.810059 0.000000 0.000000 0.000000 1.000000 25.746078 25.746078 25.746078
6044.321289 -3.837891 2712.998779 0.000000 0.228672 0.000000 0.973504 24.650063 24.650063 24.650063
6194.109375 2.088379 2512.814697 0.000000 0.000000 0.000000 1.000000 33.077885 33.077885 33.077885
7118.206543 4.912109 2793.439941 0.000000 0.000000 0.000000 1.000000 35.848476 35.848476 35.848476
7287.734863 4.231201 2915.822754 0.000000 0.000000 0.000000 1.000000 62.675552 62.675552 62.675552
5958.891602 3.129150 3294.327637 0.000000 -0.116374 0.000000 0.993205 81.934944 81.934944 81.934944
7724.859375 2.561035 4079.823242 0.000000 -0.473577 0.000000 0.880753 291.361450 291.361450 291.361450
7303.144043 3.608154 3924.081055 0.000000 0.818679 0.000000 0.574252 52.470875 52.470875 52.470875
7095.533203 4.826416 3171.903320 0.000000 0.000000 0.000000 1.000000 47.196121 47.196121 47.196121
7341.059082 -0.954102 3271.186279 0.000000 0.301799 0.000000 0.953371 50.206352 50.206352 50.206352
7483.378418 3.487793 3070.775879 0.000000 0.000000 0.000000 1.000000 42.057457 42.057457 42.057457
7783.558105 1.780273 3190.351807 0.000000 0.915618 0.000000 0.402048 19.927397 19.927397 19.927397
8285.593750 1.985352 3767.150146 0.000000 -0.397185 0.000000 0.917739 51.825203 51.825203 51.825203
9359.756836 1.368164 2809.693604 0.000000 0.880668 0.000000 0.473734 30.101326 30.101326 30.101326
5882.014160 1.407715 3593.479736 0.000000 0.000000 0.000000 1.000000 365.326447 365.326447 365.326447
6332.281738 1.950195 3702.539795 0.000000 0.226770 0.000000 0.973948 54.817661 54.817661 54.817661
6447.194824 4.383789 3750.829346 0.000000 0.000000 0.000000 1.000000 26.493692 26.493692 26.493692
6287.117676 1.529541 3466.942383 0.000000 0.141914 0.000000 0.989879 24.886053 24.886053 24.886053
5979.900879 2.243652 3393.281494 0.000000 0.000000 0.000000 1.000000 41.502617 41.502617 41.502617
5704.518555 4.440918 3251.985840 0.000000 0.000000 0.000000 1.000000 27.843401 27.843401 27.843401
5383.568359 -0.396484 3199.427734 0.000000 0.179563 0.000000 0.983747 66.450554 66.450554 66.450554
6744.810547 3.730469 2997.755615 0.000000 0.228137 0.000000 0.973629 15.133985 15.133985 15.133985
6660.965820 6.813477 2963.833008 0.000000 0.000000 0.000000 1.000000 25.288542 25.288542 25.288542
6603.894531 6.483887 2931.240723 0.000000 0.000000 0.000000 1.000000 30.422443 30.422443 30.422443
6663.588379 6.471924 2881.202393 0.000000 0.331267 0.000000 0.943537 18.944029 18.944029 18.944029
6993.797852 3.092529 2924.900146 0.000000 0.359903 0.000000 0.932990 17.884165 17.884165 17.884165
6522.586914 3.312012 3264.364502 0.000000 0.000000 0.000000 1.000000 30.252205 30.252205 30.252205
6106.175293 6.807617 2808.961914 0.000000 0.000000 0.000000 1.000000 15.879004 15.879004 15.879004
6178.254395 7.816162 2796.789307 0.000000 0.000000 0.000000 1.000000 19.269825 19.269825 19.269825
6249.210449 6.369629 2743.158447 0.000000 0.468462 0.000000 0.883484 20.773132 20.773132 20.773132
6207.877930 8.017334 2732.032227 0.000000 0.103634 0.000000 0.994615 24.500183 24.500183 24.500183
6316.332520 1.418945 2555.687256 0.000000 0.000000 0.000000 1.000000 72.347328 72.347328 72.347328
6322.562500 -1.049316 2531.489014 0.000000 0.986850 0.000000 0.161637 18.215691 18.215691 18.215691
6291.082520 7.060547 2571.831055 0.000000 0.229622 0.000000 0.973280 22.089788 22.089788 22.089788
6857.320312 5.075928 2846.267090 0.000000 0.254671 0.000000 0.967028 22.751417 22.751417 22.751417
6816.233398 5.524170 2809.302246 0.000000 0.000000 0.000000 1.000000 17.096167 17.096167 17.096167
6803.335449 7.384766 2831.668945 0.000000 0.074638 0.000000 0.997211 17.931128 17.931128 17.931128
6760.100098 5.392578 2833.596436 0.000000 0.000000 0.000000 1.000000 20.167812 20.167812 20.167812
6705.009766 6.075195 2843.583984 0.000000 0.000000 0.000000 1.000000 23.145601 23.145601 23.145601
6713.465820 7.004883 2808.438232 0.000000 0.000000 0.000000 1.000000 30.697575 30.697575 30.697575
6716.505859 7.494629 2783.752197 0.000000 0.000000 0.000000 1.000000 28.668528 28.668528 28.668528
6648.643555 3.664307 2816.728760 0.000000 0.467761 0.000000 0.883855 17.577934 17.577934 17.577934
6639.431641 4.984131 2761.393066 0.000000 0.000000 0.000000 1.000000 23.960716 23.960716 23.960716
6532.614746 1.877197 2767.932373 0.000000 0.000000 0.000000 1.000000 16.882593 16.882593 16.882593
6324.661621 1.341553 2523.544434 0.000000 0.796441 0.000000 0.604716 13.716675 13.716675 13.716675
6436.770996 6.354004 2534.420654 0.000000 0.301159 0.000000 0.953574 37.037724 37.037724 37.037724
6351.012695 6.430664 2499.394531 0.000000 0.664350 0.000000 0.747422 12.498965 12.498965 12.498965
6395.921875 8.501221 2481.995117 0.000000 0.501762 0.000000 0.865006 16.051683 16.051683 16.051683
6763.310059 3.371826 2723.232422 0.000000 0.739013 0.000000 0.673691 13.697510 13.697510 13.697510
6697.324219 0.000000 2695.031250 0.000000 0.000000 0.000000 1.000000 47.828686 47.828686 47.828686
6477.992188 4.203613 2512.067383 0.000000 0.382966 0.000000 0.923762 10.703662 10.703662 10.703662
6486.708984 8.954834 2486.417480 0.000000 0.785273 0.000000 0.619149 14.384660 14.384660 14.384660
6497.070312 4.965820 2539.253418 0.000000 0.855202 0.000000 0.518295 25.494110 25.494110 25.494110
6527.457520 6.371338 2537.603271 0.000000 -0.215639 0.000000 0.976473 24.337795 24.337795 24.337795
6445.454102 4.499756 2463.047119 0.000000 0.671391 0.000000 0.741103 15.486963 15.486963 15.486963
6550.660156 6.629883 2592.961914 0.000000 0.000000 0.000000 1.000000 17.559423 17.559423 17.559423
6579.837402 -3.495850 2586.352295 0.000000 -0.228493 0.000000 0.973545 24.632040 24.632040 24.632040
6631.914062 -1.795410 2577.898682 0.000000 0.000000 0.000000 1.000000 41.724617 41.724617 41.724617
6598.126465 6.558350 2545.127441 0.000000 0.356598 0.000000 0.934258 25.156183 25.156183 25.156183
6729.205078 7.405273 2517.621094 0.000000 -0.196228 0.000000 0.980558 39.621914 39.621914 39.621914
6727.497559 4.615479 2553.520508 0.000000 0.750297 0.000000 0.661101 18.801950 18.801950 18.801950
6692.352051 8.299561 2626.562012 0.000000 -0.100963 0.000000 0.994890 17.746574 17.746574 17.746574
6743.207520 4.127930 2607.114746 0.000000 0.000000 0.000000 1.000000 26.170481 26.170481 26.170481
6779.177246 6.720459 2602.499512 0.000000 0.699777 0.000000 0.714361 13.374123 13.374123 13.374123
6717.476562 -2.638428 2376.529541 0.000000 0.137200 0.000000 0.990543 21.049049 21.049049 21.049049
6732.837402 4.800781 2400.793213 0.000000 0.136474 0.000000 0.990644 19.076134 19.076134 19.076134
8296.168945 1.987305 3677.755127 0.000000 -0.370472 0.000000 0.928844 24.750700 24.750700 24.750700
8289.906250 0.764160 3644.206055 0.000000 0.000000 0.000000 1.000000 7.252531 7.252531 7.252531
8270.347656 0.956055 3653.372803 0.000000 -0.114494 0.000000 0.993424 7.137675 7.137675 7.137675
8284.397461 3.271729 3509.067627 0.000000 -0.430960 0.000000 0.902371 20.113728 20.113728 20.113728
8234.478516 4.179688 3353.927490 0.000000 -0.353859 0.000000 0.935299 24.707047 24.707047 24.707047
8675.732422 1.431152 3496.411621 0.000000 0.472985 0.000000 0.881070 19.233585 19.233585 19.233585
8682.208008 1.089600 3560.075439 0.000000 0.000000 0.000000 1.000000 12.701392 12.701392 12.701392
8657.577148 1.270996 3527.457031 0.000000 0.000000 0.000000 1.000000 14.538870 14.538870 14.538870
7202.350586 -3.476685 833.683899 0.000000 0.406574 0.000000 0.913618 26.755760 26.755760 26.755760
3900.375488 0.378906 1354.029053 0.000000 0.476638 0.000000 0.879100 6.727930 6.727930 6.727930
3905.280762 2.159790 1333.248779 0.000000 0.600824 0.000000 0.799381 13.437073 13.437073 13.437073
3601.755615 -2.399353 896.275330 0.000000 0.784555 0.000000 0.620060 98.592720 98.592720 98.592720
3680.752930 1.140137 1044.261963 0.000000 0.896234 0.000000 0.443581 58.915405 58.915405 58.915405
3390.883301 0.004333 775.042969 0.000000 0.000000 0.000000 1.000000 40.950066 40.950066 40.950066
3395.121582 3.177979 621.664917 0.000000 -0.869389 0.000000 -0.494129 177.363480 177.363480 177.363480
2308.743164 1.829712 1462.736206 0.000000 0.470025 0.000000 0.882653 107.824257 107.824257 107.824257
3278.122314 3.077209 780.326843 0.000000 -0.306102 0.000000 0.951999 54.797558 54.797558 54.797558
3201.439453 3.054688 662.594666 0.000000 -0.388147 0.000000 0.921597 26.846786 26.846786 26.846786
3219.251709 2.443848 610.725830 0.000000 0.552676 0.000000 0.833396 12.157007 12.157007 12.157007
3171.437744 0.788086 565.030090 0.000000 0.787159 0.000000 0.616750 33.863346 33.863346 33.863346
3200.921387 1.839600 328.342865 0.000000 0.508294 0.000000 0.861183 249.269562 249.269562 249.269562
3149.453857 2.722229 155.877609 0.000000 -0.487440 0.000000 0.873157 42.878284 42.878284 42.878284
3210.987549 2.477020 180.008942 0.000000 -0.382910 0.000000 0.923786 17.486780 17.486780 17.486780
3480.637207 2.295563 51.556213 0.000000 0.724321 0.000000 -0.689462 131.273773 131.273773 131.273773
3731.646973 -0.091431 1119.761108 0.000000 -0.505611 0.000000 0.862761 12.948340 12.948340 12.948340
3748.689209 2.230225 1171.053467 0.000000 -0.390340 0.000000 0.920671 14.986742 14.986742 14.986742
3648.116699 3.657837 1381.791626 0.000000 0.764641 0.000000 0.644457 37.347836 37.347836 37.347836
6957.035645 2.339111 3144.347900 0.000000 0.000000 0.000000 1.000000 13.597681 13.597681 13.597681
6945.803223 1.958008 3162.305420 0.000000 0.000000 0.000000 1.000000 16.867504 16.867504 16.867504
6845.455566 1.624268 3701.394775 0.000000 0.129518 0.000000 0.991577 74.994141 74.994141 74.994141
6885.373535 3.325684 3780.984619 0.000000 0.268044 0.000000 0.963407 41.354877 41.354877 41.354877
6856.368164 2.502441 3868.110840 0.000000 0.000000 0.000000 1.000000 69.575478 69.575478 69.575478
6753.138672 4.061523 3854.402100 0.000000 0.031916 0.000000 0.999491 17.367628 17.367628 17.367628
6725.288574 3.628174 3804.915771 0.000000 0.000000 0.000000 1.000000 26.467236 26.467236 26.467236
5485.952148 1.838135 3882.041260 0.000000 -0.296966 0.000000 0.954888 87.533684 87.533684 87.533684
5438.616699 1.032227 4075.001709 0.000000 0.000000 0.000000 1.000000 21.720558 21.720558 21.720558
5283.969727 1.977295 4043.852295 0.000000 0.000000 0.000000 1.000000 17.085489 17.085489 17.085489
5222.593262 0.994141 4163.967285 0.000000 0.718749 0.000000 0.695269 14.763051 14.763051 14.763051
5849.839844 1.477783 3835.959961 0.000000 0.000000 0.000000 1.000000 30.448444 30.448444 30.448444
6859.341797 4.377686 3383.343262 0.000000 0.000000 0.000000 1.000000 20.891075 20.891075 20.891075
4985.273438 0.000000 4268.611816 0.000000 -0.536654 0.000000 0.843802 14.258399 14.258399 14.258399
3016.904297 1.898987 183.428665 0.000000 -0.328703 0.000000 0.944433 23.839737 23.839737 23.839737
6317.199707 7.694092 2552.037109 0.000000 0.000000 0.000000 1.000000 14.788667 14.788667 14.788667
6738.922363 -1.859131 2410.789062 0.000000 0.024839 0.000000 0.999691 17.378372 17.378372 17.378372
7938.466309 2.966797 4042.195557 0.000000 -0.363602 0.000000 0.931554 18.825226 18.825226 18.825226
7960.993164 1.117432 4065.640625 0.000000 -0.396400 0.000000 0.918078 11.847950 11.847950 11.847950
8009.716309 3.165527 4010.342773 0.000000 0.950380 0.000000 0.311091 31.192902 31.192902 31.192902
8187.564941 0.853271 3805.177002 0.000000 0.000000 0.000000 1.000000 38.677910 38.677910 38.677910
8217.286133 0.814697 3878.684326 0.000000 0.000000 0.000000 1.000000 7.177466 7.177466 7.177466
3652.127686 2.458832 472.315948 0.000000 0.623815 0.000000 0.781572 18.360310 18.360310 18.360310
3574.045166 2.229797 546.031311 0.000000 0.661723 0.000000 0.749749 33.645031 33.645031 33.645031
3561.106934 2.828949 476.291565 0.000000 0.674957 0.000000 0.737858 19.814768 19.814768 19.814768
3518.681641 4.333832 473.866943 0.000000 0.986029 0.000000 0.166574 31.194481 31.194481 31.194481
3211.646240 3.117561 34.058510 0.000000 -0.805436 0.000000 -0.592683 35.106949 35.106949 35.106949
3053.936035 2.292389 53.034416 0.000000 -0.283123 0.000000 0.959084 21.455765 21.455765 21.455765
7217.726074 2.467773 3786.638428 0.000000 0.211048 0.000000 0.977476 20.344507 20.344507 20.344507
7117.325684 2.875732 3756.724854 0.000000 0.000000 0.000000 1.000000 18.935871 18.935871 18.935871
1987.047241 1.242188 3542.340088 0.000000 -0.473724 0.000000 0.880673 26.394499 26.394499 26.394499
3480.394043 1.604126 1357.322876 0.000000 0.315616 0.000000 0.948887 29.233130 29.233130 29.233130
"}
