object={
	name="tree_leaf_01_single_generator_1_0"
	clamp_to_water_level=no
	render_under_water=no
	generated_content=yes
	layer="tree_high_layer"
	pdxmesh="tree_leaf_01_single_a_mesh"
	count=80
	transform="1136.540405 0.000000 2919.714111 0.000000 0.904973 0.000000 0.425470 0.665439 0.665439 0.665439
1135.586670 0.000000 2943.854248 0.000000 0.991809 0.000000 0.127729 0.696866 0.696866 0.696866
1126.591553 0.000000 2907.628662 0.000000 0.983334 0.000000 0.181810 0.694568 0.694568 0.694568
1151.643555 0.000000 2952.036377 0.000000 0.368430 0.000000 -0.929656 0.727114 0.727114 0.727114
1139.597534 0.000000 2921.887451 0.000000 0.992819 0.000000 0.119622 0.689103 0.689103 0.689103
1136.093018 0.000000 2916.513672 0.000000 0.999965 0.000000 0.008379 0.699458 0.699458 0.699458
1129.260986 0.000000 2909.159180 0.000000 0.001735 0.000000 -0.999999 0.845330 0.845330 0.845330
1139.467651 0.000000 2959.186035 0.000000 0.892424 0.000000 0.451197 0.648463 0.648463 0.648463
1185.623779 0.000000 2968.195557 0.000000 0.400249 0.000000 0.916406 0.576447 0.576447 0.576447
1138.085571 0.000000 2923.834717 0.000000 0.784689 0.000000 -0.619890 0.759590 0.759590 0.759590
1128.632202 0.000000 2933.630371 0.000000 0.203292 0.000000 -0.979118 0.821754 0.821754 0.821754
1126.984619 0.000000 2909.983643 0.000000 0.410549 0.000000 0.911838 0.587677 0.587677 0.587677
1150.608032 0.000000 2954.000977 0.000000 0.643598 0.000000 -0.765364 0.782253 0.782253 0.782253
1138.421265 0.000000 2920.332764 0.000000 0.916351 0.000000 0.400376 0.662566 0.662566 0.662566
1122.676025 0.000000 2906.331543 0.000000 0.101857 0.000000 0.994799 0.545993 0.545993 0.545993
1124.976562 0.000000 2906.419678 0.000000 0.871670 0.000000 0.490092 0.659720 0.659720 0.659720
1128.500122 0.000000 2910.561523 0.000000 0.362865 0.000000 0.931842 0.551173 0.551173 0.551173
1155.335205 0.000000 2960.375488 0.000000 0.157694 0.000000 0.987488 0.537088 0.537088 0.537088
1150.811646 0.000000 2971.627441 0.000000 0.592776 0.000000 0.805367 0.670547 0.670547 0.670547
1146.354980 0.000000 2970.142090 0.000000 0.827970 0.000000 0.560773 0.682314 0.682314 0.682314
1186.052246 0.000000 2969.536377 0.000000 0.975827 0.000000 0.218545 0.679978 0.679978 0.679978
1156.484253 0.000000 2973.055908 0.000000 0.550008 0.000000 -0.835159 0.788095 0.788095 0.788095
1209.302612 0.000000 2987.602783 0.000000 0.444781 0.000000 -0.895639 0.709698 0.709698 0.709698
1223.566284 0.000000 2995.698975 0.000000 0.347437 0.000000 0.937703 0.649000 0.649000 0.649000
1201.888428 0.000000 2986.990723 0.000000 0.996719 0.000000 0.080944 0.699150 0.699150 0.699150
1212.580078 0.000000 2991.995850 0.000000 0.074094 0.000000 0.997251 0.652921 0.652921 0.652921
1202.008545 0.000000 2974.878174 0.000000 0.887336 0.000000 -0.461124 0.710888 0.710888 0.710888
1226.843750 0.000000 2984.700928 0.000000 0.065532 0.000000 0.997850 0.536909 0.536909 0.536909
1198.429321 0.000000 2972.549805 0.000000 0.951923 0.000000 0.306338 0.692927 0.692927 0.692927
1225.855835 0.000000 2992.860352 0.000000 0.985865 0.000000 -0.167543 0.706766 0.706766 0.706766
1198.788818 0.000000 2975.142334 0.000000 0.856309 0.000000 0.516463 0.663959 0.663959 0.663959
1223.819946 0.000000 2993.561768 0.000000 0.080539 0.000000 0.996751 0.606249 0.606249 0.606249
1201.529419 0.000000 2984.923096 0.000000 0.351850 0.000000 -0.936056 0.784670 0.784670 0.784670
1200.437500 0.000000 2975.826660 0.000000 0.496528 0.000000 0.868021 0.518131 0.518131 0.518131
1200.617065 0.000000 2974.502686 0.000000 0.156199 0.000000 -0.987726 0.944630 0.944630 0.944630
1118.060425 0.000000 4067.415283 0.000000 0.585968 0.000000 -0.810334 0.701651 0.701651 0.701651
1125.048584 0.000000 4052.410400 0.000000 0.260879 0.000000 0.965371 0.578956 0.578956 0.578956
1121.865967 0.000000 4063.661621 0.000000 0.726522 0.000000 0.687143 0.645721 0.645721 0.645721
1128.762695 0.000000 4052.989014 0.000000 0.356379 0.000000 0.934341 0.619885 0.619885 0.619885
1127.470337 0.000000 4055.226807 0.000000 0.885133 0.000000 -0.465337 0.755827 0.755827 0.755827
1121.053467 0.000000 4065.988770 0.000000 0.096665 0.000000 0.995317 0.563477 0.563477 0.563477
1122.981323 0.000000 4065.467285 0.000000 0.135763 0.000000 -0.990741 0.885526 0.885526 0.885526
1122.489868 0.000000 4062.008301 0.000000 0.049706 0.000000 0.998764 0.537850 0.537850 0.537850
1126.998169 0.000000 4053.284912 0.000000 0.091494 0.000000 -0.995806 1.067067 1.067067 1.067067
1126.166138 0.000000 4052.399170 0.000000 0.082187 0.000000 -0.996617 1.069386 1.069386 1.069386
1358.465332 0.000000 4088.808350 0.000000 0.912576 0.000000 0.408907 0.676442 0.676442 0.676442
1360.882202 0.000000 4092.507568 0.000000 0.589649 0.000000 -0.807660 0.775579 0.775579 0.775579
1358.010132 0.000000 4091.599609 0.000000 0.994737 0.000000 -0.102463 0.720808 0.720808 0.720808
1357.801270 0.000000 4096.385254 0.000000 0.255474 0.000000 -0.966816 0.862848 0.862848 0.862848
1354.571045 0.000000 4097.114746 0.000000 0.619313 0.000000 -0.785144 0.774163 0.774163 0.774163
1359.511963 0.000000 4094.574219 0.000000 0.964769 0.000000 -0.263098 0.759088 0.759088 0.759088
1356.276367 0.000000 4088.266602 0.000000 0.010332 0.000000 -0.999947 0.863622 0.863622 0.863622
1355.287598 0.000000 4095.288818 0.000000 0.052850 0.000000 0.998602 0.302096 0.302096 0.302096
1357.031006 0.000000 4089.999512 0.000000 0.648481 0.000000 0.761231 0.609278 0.609278 0.609278
1353.654419 0.000000 4091.221924 0.000000 0.115292 0.000000 -0.993332 0.834788 0.834788 0.834788
1359.183716 0.000000 4092.872070 0.000000 0.758090 0.000000 -0.652150 0.920989 0.920989 0.920989
1356.211304 0.000000 4091.710449 0.000000 0.772684 0.000000 -0.634791 0.917540 0.917540 0.917540
1352.434326 0.000000 4093.474854 0.000000 0.007624 0.000000 0.999971 0.451409 0.451409 0.451409
1356.280884 0.000000 4096.927246 0.000000 0.814001 0.000000 0.580863 0.623098 0.623098 0.623098
1358.047485 0.000000 4094.833740 0.000000 0.549693 0.000000 0.835367 0.480543 0.480543 0.480543
1358.717285 0.000000 4090.207031 0.000000 0.865436 0.000000 -0.501020 0.806383 0.806383 0.806383
1357.744629 0.000000 4093.000244 0.000000 0.962044 0.000000 -0.272893 0.821241 0.821241 0.821241
1359.458130 0.000000 4091.473633 0.000000 0.354835 0.000000 -0.934929 0.944897 0.944897 0.944897
1354.527832 0.000000 4094.054199 0.000000 0.660450 0.000000 0.750870 0.477346 0.477346 0.477346
1356.742554 0.000000 4095.518555 0.000000 0.157449 0.000000 0.987527 0.213648 0.213648 0.213648
1356.030762 0.000000 4093.011230 0.000000 0.468930 0.000000 -0.883236 1.174927 1.174927 1.174927
1354.863892 0.000000 4091.425537 0.000000 0.281472 0.000000 -0.959570 1.010012 1.010012 1.010012
1358.519043 0.000000 4093.801025 0.000000 0.734195 0.000000 -0.678939 0.932156 0.932156 0.932156
1354.290894 0.000000 4095.651367 0.000000 0.892793 0.000000 -0.450468 0.822494 0.822494 0.822494
1357.063232 0.000000 4091.074463 0.000000 0.990214 0.000000 0.139559 0.655711 0.655711 0.655711
1355.776367 0.000000 4094.268066 0.000000 0.672956 0.000000 -0.739683 0.918255 0.918255 0.918255
1356.143066 0.000000 4090.560059 0.000000 0.308878 0.000000 0.951102 0.302463 0.302463 0.302463
1357.131470 0.000000 4092.167725 0.000000 0.759937 0.000000 0.649997 0.389624 0.389624 0.389624
1354.054932 0.000000 4092.042480 0.000000 0.999669 0.000000 -0.025723 0.709261 0.709261 0.709261
1355.254761 0.000000 4093.487549 0.000000 0.739818 0.000000 -0.672807 0.965680 0.965680 0.965680
1357.647949 0.000000 4093.969482 0.000000 0.191116 0.000000 0.981568 0.095331 0.095331 0.095331
1356.862061 0.000000 4093.227539 0.000000 0.975588 0.000000 0.219607 0.602879 0.602879 0.602879
2407.229492 0.000000 3121.024658 0.000000 0.734855 0.000000 -0.678225 0.711723 0.711723 0.711723
5954.075195 0.000000 1892.738037 0.000000 0.173137 0.000000 -0.984898 0.707323 0.707323 0.707323
5945.687988 0.000000 1889.677368 0.000000 0.936602 0.000000 0.350395 0.694995 0.694995 0.694995
"}
